23.42007   -109.48278
25.42005   -109.47556
27.42004   -109.46835
29.42003   -109.46112
31.42002   -109.4539
33.42   -109.44669
35.41999   -109.43946
37.41998   -109.43224
39.41996   -109.42503
41.41995   -109.4178
43.41994   -109.41058
45.41993   -109.40337
47.41991   -109.39614
49.41444   -109.39081
51.41133   -109.39156
53.41133   -109.39292
55.41133   -109.39428
57.41133   -109.39565
59.41133   -109.397
61.41132   -109.39836
63.41132   -109.39973
65.41132   -109.40108
67.41132   -109.40244
69.41132   -109.4038
71.41132   -109.40517
73.41132   -109.40652
75.41132   -109.40788
77.41132   -109.40925
79.41132   -109.41061
81.41132   -109.41196
83.41132   -109.41333
85.41132   -109.41469
87.41132   -109.41605
89.41132   -109.4174
91.41132   -109.41877
93.41132   -109.42013
95.41132   -109.42149
97.41132   -109.42285
99.41132   -109.42421
101.41132   -109.42557
103.41132   -109.42693
105.41132   -109.42829
107.41132   -109.42965
109.41132   -109.43101
111.41132   -109.43237
113.41132   -109.43373
115.41132   -109.43509
117.41132   -109.43645
119.41132   -109.43781
121.41132   -109.43917
123.41132   -109.44054
125.41132   -109.44189
127.41132   -109.44325
129.41132   -109.44461
131.41132   -109.44598
133.41132   -109.44733
135.41132   -109.44869
137.41299   -109.44989
139.41402   -109.44859
141.41402   -109.44723
143.41402   -109.44587
145.41402   -109.4445
147.41402   -109.44315
149.41402   -109.44179
151.41402   -109.44043
153.41402   -109.43907
155.41402   -109.43771
157.41402   -109.43636
159.41402   -109.435
161.41402   -109.43364
163.41402   -109.43228
165.41402   -109.43092
167.41402   -109.42957
169.41402   -109.42821
171.41402   -109.42685
173.41402   -109.42549
175.41402   -109.42413
177.41402   -109.42278
179.41402   -109.42142
181.41402   -109.42006
181.50136   -109.42
183.89688   -109.75594
185.3896   -110.35668
186.73833   -111.23421
187.88614   -112.35101
188.78339   -113.66812
189.39844   -115.13834
189.7063   -116.702
189.73999   -118.06688
189.73592   -121.06728
189.7332   -123.06728
189.73048   -125.06728
189.72777   -127.06728
189.72505   -129.06728
189.72232   -131.06728
189.7196   -133.06728
189.71689   -135.06726
189.71417   -137.06726
189.71146   -139.06726
189.70874   -141.06726
189.70602   -143.06726
189.70331   -145.06726
189.70059   -147.06726
189.69788   -149.06726
189.69516   -151.06726
189.69244   -153.06725
189.68973   -155.06725
189.68701   -157.06725
189.6843   -159.06725
189.68158   -161.06725
189.68018   -163.07042
189.68063   -165.07042
189.68108   -167.07042
189.68153   -169.07042
189.68199   -171.07042
189.68243   -173.07042
189.68289   -175.07042
189.68333   -177.07042
189.68379   -179.07042
189.68425   -181.07042
189.68425   -181.09045
189.68492   -184.09045
189.54019   -185.42056
188.95256   -186.40552
187.90685   -187.16512
186.61006   -187.58516
184.92459   -187.63699
182.92439   -187.63608
182.54089   -187.63591
179.54089   -187.63454
177.54089   -187.63361
175.54091   -187.63269
173.54091   -187.63177
171.54091   -187.63086
169.54091   -187.62994
167.54091   -187.62903
165.54091   -187.62811
163.54091   -187.6272
161.54091   -187.62628
159.54091   -187.62537
157.54091   -187.62445
155.54091   -187.62354
153.54091   -187.62262
151.54091   -187.62169
149.54091   -187.62077
147.54091   -187.61986
145.54091   -187.61894
145.10091   -187.61874
142.10091   -187.61739
139.96132   -187.63573
137.37073   -188.26816
135.13901   -189.72781
133.54665   -191.74091
132.55501   -194.02773
132.15878   -196.48857
132.15092   -198.55653
132.15031   -199.15799
132.14726   -202.15797
132.14525   -204.15797
132.14322   -206.15797
132.14119   -208.15797
132.13916   -210.15797
132.13713   -212.15797
132.1351   -214.15797
132.13307   -216.15797
132.13104   -218.15797
132.12903   -220.15797
132.127   -222.15797
132.12497   -224.15796
132.12294   -226.15796
132.12091   -228.15796
132.11888   -230.15796
132.11887   -230.17796
132.08926   -232.95628
131.7272   -234.2776
130.97679   -235.42383
129.9024   -236.29497
128.61362   -236.8056
127.07377   -236.92072
125.07351   -236.91951
124.98122   -236.91945
121.98122   -236.91763
119.98122   -236.91641
117.98122   -236.91519
115.98122   -236.91399
113.98122   -236.91277
111.98122   -236.91156
109.98122   -236.91034
107.98122   -236.90912
105.98122   -236.90791
103.98122   -236.90669
101.98122   -236.90549
99.98122   -236.90427
97.98123   -236.90306
95.98123   -236.90184
93.98123   -236.90062
91.98123   -236.89941
89.98123   -236.89819
87.98123   -236.89699
85.98123   -236.89577
83.98123   -236.89455
81.98123   -236.89334
79.98123   -236.89212
77.98123   -236.89091
75.98123   -236.88969
73.98123   -236.88847
71.98124   -236.88727
69.98124   -236.88605
67.98124   -236.88484
65.98124   -236.88362
63.98124   -236.88242
61.98124   -236.8812
59.98124   -236.87997
57.98124   -236.87877
55.98124   -236.87755
54.72124   -236.87679
51.72124   -236.87497
49.47485   -236.94289
46.99887   -237.62328
44.81859   -238.97964
43.1034   -240.95529
42.08759   -243.37729
41.8549   -245.83446
41.85507   -247.83472
41.85508   -247.90018
41.85534   -250.90016
41.85551   -252.90016
41.85568   -254.90016
41.85586   -256.90018
41.85603   -258.90018
41.8562   -260.90018
41.85638   -262.90018
41.85655   -264.90018
41.85672   -266.90018
41.8569   -268.90018
41.85707   -270.90018
41.85725   -272.90018
41.85742   -274.90018
41.85759   -276.90018
41.85777   -278.90018
41.85794   -280.90018
41.85812   -282.90018
41.85829   -284.90018
41.85846   -286.90018
41.85863   -288.90018
41.85881   -290.90018
41.85898   -292.90018
41.85916   -294.90018
41.85925   -295.96017
41.85951   -298.96021
42.26255   -301.55084
43.48506   -303.89505
45.63451   -305.75555
48.39587   -306.5224
50.492   -306.53061
52.49221   -306.53131
52.65931   -306.53137
55.65931   -306.53238
57.65931   -306.53308
59.65931   -306.53375
61.65931   -306.53442
63.65931   -306.5351
65.65931   -306.53577
67.65931   -306.53647
69.65931   -306.53714
71.65931   -306.53781
73.65931   -306.53848
75.65931   -306.53915
77.65931   -306.53986
79.65931   -306.54053
81.65931   -306.5412
83.65931   -306.54187
85.65931   -306.54254
87.65931   -306.54324
89.65931   -306.54391
91.65931   -306.54459
93.65931   -306.54526
95.65931   -306.54596
97.65931   -306.54663
99.65931   -306.5473
101.65931   -306.54797
103.65931   -306.54865
105.65931   -306.54935
107.65931   -306.55002
109.65931   -306.55069
111.65931   -306.55136
113.65931   -306.55203
115.65931   -306.55273
117.6593   -306.55341
119.6593   -306.55408
121.6593   -306.55475
123.6593   -306.55542
125.6593   -306.55612
127.6593   -306.55679
129.6593   -306.55746
131.6593   -306.55814
133.6593   -306.55881
135.6593   -306.55951
137.66273   -306.5593
139.66272   -306.55655
141.66272   -306.5538
143.66272   -306.55106
145.66272   -306.54831
147.66272   -306.54556
149.66272   -306.54282
151.66272   -306.54007
153.66272   -306.53732
155.66272   -306.53458
157.6627   -306.53183
159.6627   -306.52908
161.6627   -306.52634
163.6627   -306.52359
165.6627   -306.52084
167.6627   -306.5181
169.66269   -306.51535
171.66269   -306.5126
173.66269   -306.50986
175.66269   -306.50711
177.66269   -306.50436
179.66269   -306.50162
180.82274   -306.5
184.30125   -306.04221
186.50426   -305.2464
188.53783   -304.08401
190.34702   -302.64822
191.91731   -300.76324
193.01793   -298.57062
193.59119   -296.18518
193.67   -294.58136
193.67204   -291.58136
193.67342   -289.58136
193.67479   -287.58136
193.67615   -285.58136
193.67752   -283.58136
193.67889   -281.58136
193.68025   -279.58136
193.68163   -277.58136
193.683   -275.58136
193.68436   -273.58136
193.68573   -271.58136
193.6871   -269.58136
193.68846   -267.58136
193.68983   -265.58136
193.69121   -263.58136
193.69257   -261.58136
193.69394   -259.58136
193.69531   -257.58136
193.69667   -255.58136
193.69804   -253.58138
193.6994   -251.58138
193.69974   -249.57954
193.69946   -248.34955
