325   -195.4
324.328   -195.387
323.52   -195.368
322.767   -195.349
321.947   -195.328
321.048   -195.304
320.383   -195.291
319.666   -195.278
318.894   -195.265
318.072   -195.252
317.228   -195.239
316.395   -195.227
315.584   -195.218
314.79   -195.21
314.001   -195.204
313.203   -195.198
312.392   -195.192
311.576   -195.187
310.763   -195.182
309.956   -195.179
309.154   -195.176
308.353   -195.173
307.547   -195.171
306.739   -195.169
305.93   -195.167
305.122   -195.165
304.316   -195.164
303.511   -195.163
302.705   -195.162
301.899   -195.161
301.092   -195.161
300.284   -195.16
299.478   -195.159
298.671   -195.159
297.865   -195.158
297.059   -195.158
296.252   -195.158
295.446   -195.157
294.639   -195.157
293.832   -195.157
293.026   -195.157
292.22   -195.156
291.413   -195.156
290.607   -195.156
289.8   -195.156
288.994   -195.156
288.187   -195.156
287.38   -195.156
286.574   -195.156
285.767   -195.156
284.961   -195.156
284.154   -195.156
283.348   -195.156
282.541   -195.156
281.735   -195.156
280.928   -195.156
280.122   -195.156
279.315   -195.156
278.509   -195.156
277.702   -195.156
276.895   -195.155
276.089   -195.155
275.282   -195.155
274.476   -195.155
273.669   -195.155
272.863   -195.154
272.056   -195.154
271.25   -195.154
270.443   -195.154
269.637   -195.154
268.83   -195.154
268.023   -195.154
267.217   -195.154
266.41   -195.154
265.604   -195.154
264.797   -195.154
263.991   -195.154
263.184   -195.154
262.378   -195.154
261.571   -195.154
260.765   -195.154
259.958   -195.154
259.151   -195.153
258.345   -195.153
257.538   -195.153
256.732   -195.153
255.925   -195.153
255.119   -195.153
254.312   -195.153
253.506   -195.153
252.699   -195.153
251.893   -195.153
251.086   -195.153
250.28   -195.153
249.473   -195.153
248.666   -195.153
247.86   -195.153
247.053   -195.153
246.247   -195.153
245.44   -195.153
244.634   -195.153
243.827   -195.153
243.021   -195.153
242.214   -195.153
241.408   -195.153
240.601   -195.153
239.794   -195.153
238.988   -195.152
238.181   -195.152
237.375   -195.152
236.568   -195.152
235.762   -195.152
234.955   -195.152
234.149   -195.152
233.342   -195.152
232.536   -195.152
231.729   -195.152
230.923   -195.151
230.116   -195.151
229.309   -195.151
228.503   -195.151
227.696   -195.151
226.89   -195.151
226.083   -195.151
225.277   -195.151
224.47   -195.151
223.664   -195.151
222.857   -195.151
222.051   -195.151
221.244   -195.151
220.437   -195.151
219.631   -195.151
218.824   -195.151
218.018   -195.15
217.211   -195.15
216.405   -195.15
215.598   -195.15
214.792   -195.15
213.985   -195.15
213.179   -195.15
212.372   -195.15
211.565   -195.15
210.759   -195.15
209.952   -195.15
209.146   -195.15
208.339   -195.15
207.533   -195.15
206.726   -195.15
205.92   -195.15
205.113   -195.149
204.307   -195.149
203.5   -195.149
202.693   -195.149
201.887   -195.149
201.08   -195.149
200.274   -195.149
199.467   -195.149
198.661   -195.149
197.854   -195.149
197.048   -195.149
196.241   -195.148
195.435   -195.148
194.628   -195.148
193.822   -195.148
193.015   -195.148
192.208   -195.147
191.402   -195.147
190.595   -195.147
189.789   -195.147
188.982   -195.147
188.176   -195.147
187.369   -195.147
186.563   -195.147
185.756   -195.147
184.95   -195.147
184.143   -195.147
183.336   -195.147
182.53   -195.147
181.723   -195.147
180.917   -195.147
180.11   -195.147
179.304   -195.147
178.497   -195.147
177.691   -195.147
176.884   -195.147
176.078   -195.147
175.271   -195.147
174.464   -195.147
173.658   -195.147
172.851   -195.147
172.045   -195.146
171.238   -195.146
170.432   -195.146
169.625   -195.146
168.819   -195.146
168.012   -195.146
167.206   -195.146
166.399   -195.146
165.593   -195.146
164.786   -195.146
163.979   -195.146
163.173   -195.146
162.366   -195.146
161.56   -195.146
160.753   -195.146
159.947   -195.146
159.14   -195.146
158.334   -195.145
157.527   -195.145
156.721   -195.145
155.914   -195.145
155.108   -195.145
154.301   -195.145
153.495   -195.145
152.688   -195.145
151.882   -195.145
151.075   -195.145
150.269   -195.145
149.462   -195.145
148.656   -195.145
147.849   -195.145
147.043   -195.145
146.236   -195.145
145.43   -195.145
144.623   -195.145
143.817   -195.144
143.01   -195.144
142.204   -195.144
141.397   -195.144
140.591   -195.144
139.784   -195.144
138.978   -195.143
138.171   -195.143
137.364   -195.143
136.558   -195.143
135.751   -195.143
134.945   -195.143
134.138   -195.143
133.332   -195.143
132.525   -195.143
131.719   -195.143
130.912   -195.143
130.106   -195.143
129.299   -195.143
128.493   -195.143
127.686   -195.143
126.88   -195.143
126.073   -195.143
125.267   -195.143
124.46   -195.143
123.654   -195.143
122.847   -195.143
122.041   -195.143
121.235   -195.143
120.435   -195.143
119.652   -195.143
118.889   -195.142
118.149   -195.142
117.425   -195.142
116.713   -195.142
116.011   -195.142
115.32   -195.142
114.643   -195.142
113.98   -195.141
113.333   -195.141
112.709   -195.141
112.054   -195.141
111.418   -195.141
110.811   -195.141
110.198   -195.141
109.461   -195.141
108.646   -195.141
107.761   -195.141
107.117   -195.141
106.461   -195.141
105.824   -195.143
105.212   -195.149
104.339   -195.161
103.496   -195.175
102.648   -195.191
101.803   -195.208
100.987   -195.227
100.2   -195.3
99.372   -195.415
98.768   -195.511
98.11   -195.624
97.401   -195.758
96.646   -195.929
95.854   -196.147
95.061   -196.416
94.303   -196.734
93.593   -197.1
92.928   -197.515
92.301   -197.985
91.704   -198.515
91.145   -199.101
90.633   -199.732
90.184   -200.397
89.789   -201.09
89.437   -201.808
89.144   -202.552
88.897   -203.317
88.714   -204.099
88.581   -204.893
88.494   -205.694
88.436   -206.5
88.399   -207.307
88.377   -208.113
88.365   -208.918
88.359   -209.723
88.357   -210.53
88.358   -211.337
88.361   -212.144
88.364   -212.951
88.369   -213.757
88.372   -214.563
88.376   -215.369
88.379   -216.176
88.382   -216.983
88.385   -217.789
88.388   -218.596
88.39   -219.402
88.392   -220.209
88.394   -221.015
88.395   -221.822
88.397   -222.628
88.398   -223.435
88.399   -224.241
88.4   -225.048
88.401   -225.854
88.402   -226.661
88.402   -227.467
88.403   -228.274
88.404   -229.081
88.404   -229.887
88.404   -230.694
88.405   -231.5
88.405   -232.307
88.405   -233.113
88.405   -233.92
88.405   -234.726
88.406   -235.533
88.406   -236.339
88.406   -237.146
88.406   -237.953
88.406   -238.759
88.407   -239.566
88.407   -240.372
88.407   -241.179
88.407   -241.985
88.407   -242.792
88.407   -243.598
88.407   -244.405
88.407   -245.211
88.407   -246.018
88.408   -246.825
88.408   -247.631
88.408   -248.438
88.408   -249.244
88.408   -250.051
88.408   -250.857
88.408   -251.664
88.408   -252.47
88.408   -253.277
88.409   -254.083
88.409   -254.89
88.409   -255.696
88.409   -256.503
88.409   -257.31
88.41   -258.116
88.41   -258.923
88.41   -259.729
88.41   -260.536
88.41   -261.342
88.41   -262.149
88.41   -262.955
88.41   -263.762
88.411   -264.568
88.411   -265.375
88.411   -266.182
88.411   -266.988
88.411   -267.795
88.411   -268.601
88.411   -269.408
88.411   -270.214
88.411   -271.021
88.411   -271.827
88.412   -272.634
88.412   -273.44
88.412   -274.247
88.412   -275.053
88.412   -275.86
88.412   -276.667
88.412   -277.473
88.412   -278.28
88.412   -279.086
88.412   -279.893
88.413   -280.699
88.413   -281.506
88.413   -282.312
88.413   -283.119
88.413   -283.925
88.413   -284.732
88.414   -285.539
88.414   -286.345
88.414   -287.152
88.414   -287.958
88.414   -288.765
88.414   -289.571
88.414   -290.378
88.414   -291.184
88.414   -291.991
88.414   -292.797
88.415   -293.604
88.415   -294.411
88.415   -295.217
88.415   -296.024
88.415   -296.83
88.415   -297.636
88.415   -298.433
88.415   -299.213
88.416   -299.971
88.416   -300.708
88.416   -301.43
88.416   -302.139
88.416   -302.839
88.416   -303.528
88.416   -304.203
88.417   -304.863
88.417   -305.508
88.417   -306.14
88.417   -306.757
88.417   -307.542
88.417   -308.187
88.417   -308.907
88.417   -309.519
88.417   -310.257
88.417   -311.071
88.417   -311.956
88.417   -312.594
88.417   -313.234
88.414   -313.852
88.379   -314.734
88.328   -315.579
88.268   -316.422
88.201   -317.265
88.122   -318.083
88.004   -318.893
87.827   -319.758
87.652   -320.377
87.417   -321.032
87.116   -321.716
86.742   -322.42
86.297   -323.122
85.79   -323.775
85.237   -324.358
84.641   -324.867
84   -325.311
83.306   -325.661
82.558   -325.92
81.766   -326.116
80.954   -326.261
80.145   -326.358
79.345   -326.423
78.55   -326.467
77.753   -326.498
76.948   -326.519
76.136   -326.535
75.325   -326.546
74.516   -326.554
73.711   -326.559
72.908   -326.563
72.103   -326.565
71.296   -326.567
70.488   -326.568
69.681   -326.568
68.874   -326.569
68.068   -326.569
67.262   -326.569
66.456   -326.569
65.649   -326.569
64.842   -326.568
64.036   -326.568
63.229   -326.568
62.423   -326.567
61.617   -326.567
60.81   -326.566
60.003   -326.566
59.197   -326.566
58.39   -326.565
57.584   -326.565
56.777   -326.565
55.971   -326.564
55.164   -326.564
54.358   -326.563
53.551   -326.563
52.745   -326.563
51.938   -326.562
51.132   -326.562
50.325   -326.561
49.519   -326.561
48.712   -326.561
47.906   -326.56
47.099   -326.56
46.293   -326.559
45.486   -326.559
44.68   -326.559
43.873   -326.558
43.067   -326.558
42.26   -326.557
41.453   -326.557
40.647   -326.557
39.84   -326.556
39.034   -326.556
38.227   -326.555
37.421   -326.555
36.614   -326.555
35.808   -326.554
35.001   -326.554
34.195   -326.553
33.388   -326.553
32.582   -326.553
31.775   -326.552
30.969   -326.552
30.162   -326.551
29.356   -326.551
28.549   -326.55
27.743   -326.55
26.936   -326.55
26.13   -326.549
25.323   -326.549
24.517   -326.548
23.71   -326.548
22.904   -326.547
22.097   -326.547
21.291   -326.546
20.484   -326.545
19.678   -326.545
18.876   -326.544
18.099   -326.544
17.355   -326.543
16.636   -326.543
15.928   -326.542
15.211   -326.542
14.476   -326.538
13.721   -326.512
12.942   -326.473
12.155   -326.426
11.376   -326.374
10.611   -326.319
9.855   -326.261
9.099   -326.187
8.333   -326.077
7.559   -325.913
6.795   -325.668
6.064   -325.338
5.38   -324.927
4.752   -324.442
4.182   -323.89
3.677   -323.275
3.233   -322.608
2.857   -321.899
2.562   -321.16
2.351   -320.396
2.198   -319.608
2.089   -318.803
2.019   -317.995
1.976   -317.188
1.951   -316.384
1.939   -315.581
1.937   -314.777
1.937   -313.97
1.941   -313.162
1.945   -312.354
1.951   -311.547
1.958   -310.741
1.964   -309.936
1.97   -309.13
1.975   -308.323
1.979   -307.516
1.983   -306.709
1.987   -305.903
1.991   -305.096
1.994   -304.29
1.997   -303.484
1.999   -302.677
2.001   -301.869
2.003   -301.043
2.004   -300.181
2.006   -299.275
2.007   -298.318
2.008   -297.309
2.01   -296.244
2.011   -295.126
2.012   -293.958
2.012   -293.355
2.012   -292.742
2.013   -292.116
2.013   -291.479
2.013   -290.83
2.013   -290.17
2.014   -289.499
2.014   -288.817
2.014   -288.123
2.014   -287.419
2.014   -286.703
2.015   -285.977
2.015   -285.239
2.015   -284.491
2.015   -283.732
2.015   -282.963
2.015   -282.182
2.015   -281.391
2.015   -280.59
2.015   -279.778
2.016   -278.955
2.016   -278.123
2.016   -277.28
2.016   -276.426
2.016   -275.563
2.016   -274.689
2.016   -273.805
2.016   -272.911
2.016   -272.007
2.016   -271.093
2.016   -270.169
2.016   -269.236
2.016   -268.292
2.016   -267.339
2.017   -266.376
2.017   -265.404
2.017   -264.422
2.017   -263.43
2.017   -262.429
2.017   -261.418
2.017   -260.398
2.018   -259.369
2.018   -258.331
2.018   -257.283
2.018   -256.226
2.018   -255.16
2.019   -254.084
2.019   -253
2.019   -251.907
2.019   -250.804
2.019   -249.693
2.019   -248.573
2.019   -247.444
2.02   -246.306
2.02   -245.16
2.02   -244.005
2.02   -242.841
2.02   -241.669
2.02   -240.488
2.02   -239.299
2.02   -238.101
2.019   -236.895
2.019   -235.681
2.019   -234.462
2.018   -233.241
2.018   -232.019
2.018   -230.799
2.017   -229.583
2.017   -228.371
2.016   -227.163
2.015   -225.958
2.015   -224.755
2.014   -223.551
2.013   -222.347
2.012   -221.141
2.011   -219.934
2.011   -218.724
2.01   -217.512
2.009   -216.3
2.008   -215.088
2.007   -213.876
2.006   -212.665
2.005   -211.455
2.004   -210.245
2.003   -209.037
2.003   -207.829
2.002   -206.621
2.001   -205.413
2   -204.204
1.999   -202.995
1.999   -201.786
1.998   -200.576
1.997   -199.366
1.996   -198.156
1.996   -196.946
1.995   -195.737
1.994   -194.527
1.993   -193.317
1.993   -192.108
1.992   -190.899
1.991   -189.69
1.991   -188.481
1.99   -187.274
1.99   -186.072
1.989   -184.878
1.989   -183.698
1.988   -182.534
1.987   -181.389
1.987   -180.263
1.986   -179.156
1.986   -178.069
1.986   -177.002
1.985   -175.952
1.985   -174.919
1.984   -173.901
1.984   -172.896
1.983   -171.901
1.983   -170.918
1.983   -169.945
1.982   -168.982
1.982   -168.03
1.981   -167.09
1.981   -166.163
1.98   -165.249
1.98   -164.347
1.98   -163.459
1.979   -162.583
1.979   -161.719
1.978   -160.867
1.978   -160.025
1.977   -159.194
1.977   -158.374
1.977   -157.564
1.976   -156.766
1.976   -155.979
1.975   -155.204
1.975   -154.439
1.975   -153.686
1.974   -152.943
1.974   -152.209
1.973   -151.485
1.973   -150.77
1.973   -150.064
1.972   -149.367
1.972   -148.679
1.972   -147.999
1.971   -147.328
1.971   -146.665
1.971   -146.011
1.97   -145.366
1.97   -144.729
1.97   -144.1
1.969   -143.479
1.969   -142.867
1.969   -142.263
1.968   -141.077
1.968   -139.922
1.967   -138.796
1.966   -137.699
1.966   -136.63
1.965   -135.589
1.965   -134.576
1.964   -133.589
1.964   -132.628
1.963   -131.691
1.963   -130.778
1.962   -129.89
1.961   -129.035
1.961   -128.217
1.96   -127.428
1.96   -126.649
1.96   -125.857
1.959   -125.045
1.959   -124.223
1.958   -123.405
1.958   -122.598
1.958   -121.798
1.957   -121
1.957   -120.196
1.956   -119.387
1.956   -118.576
1.956   -117.767
1.955   -116.961
1.955   -116.157
1.954   -115.352
1.954   -114.546
1.954   -113.739
1.953   -112.931
1.953   -112.124
1.952   -111.318
1.952   -110.512
1.952   -109.706
1.951   -108.9
1.951   -108.093
1.95   -107.286
1.95   -106.479
1.949   -105.673
1.949   -104.867
1.948   -104.06
1.948   -103.254
1.947   -102.447
1.947   -101.641
1.946   -100.834
1.946   -100.028
1.946   -99.221
1.945   -98.415
1.945   -97.608
1.945   -96.802
1.944   -95.995
1.944   -95.189
1.944   -94.382
1.943   -93.576
1.943   -92.77
1.943   -91.963
1.942   -91.157
1.942   -90.35
1.942   -89.544
1.942   -88.737
1.942   -87.931
1.942   -87.124
1.942   -86.318
1.942   -85.512
1.942   -84.705
1.942   -83.899
1.942   -83.092
1.942   -82.286
1.943   -81.479
1.943   -80.673
1.943   -79.866
1.944   -79.06
1.944   -78.253
1.944   -77.447
1.944   -76.64
1.945   -75.834
1.945   -75.027
1.945   -74.221
1.946   -73.414
1.946   -72.608
1.946   -71.801
1.947   -70.995
1.947   -70.188
1.947   -69.382
1.948   -68.575
1.948   -67.769
1.948   -66.962
1.948   -66.156
1.949   -65.349
1.949   -64.543
1.949   -63.736
1.95   -62.93
1.95   -62.123
1.95   -61.317
1.95   -60.51
1.951   -59.704
1.951   -58.897
1.951   -58.091
1.951   -57.285
1.952   -56.478
1.952   -55.672
1.952   -54.865
1.953   -54.059
1.953   -53.252
1.954   -52.446
1.954   -51.639
1.954   -50.833
1.955   -50.026
1.955   -49.22
1.955   -48.413
1.956   -47.607
1.956   -46.8
1.956   -45.994
1.956   -45.187
1.957   -44.381
1.957   -43.574
1.957   -42.768
1.958   -41.961
1.958   -41.155
1.958   -40.348
1.958   -39.542
1.959   -38.735
1.959   -37.929
1.959   -37.122
1.959   -36.316
1.96   -35.509
1.96   -34.703
1.96   -33.896
1.961   -33.09
1.961   -32.283
1.961   -31.477
1.962   -30.671
1.962   -29.864
1.962   -29.058
1.963   -28.251
1.963   -27.445
1.963   -26.638
1.964   -25.832
1.964   -25.025
1.964   -24.219
1.965   -23.412
1.965   -22.606
1.965   -21.799
1.965   -20.993
1.966   -20.186
1.966   -19.38
1.966   -18.589
1.967   -17.83
1.967   -17.1
1.967   -16.39
1.968   -15.682
1.968   -14.958
1.979   -14.214
2.001   -13.446
2.028   -12.662
2.06   -11.881
2.093   -11.113
2.128   -10.356
2.165   -9.602
2.216   -8.843
2.3   -8.074
2.435   -7.298
2.65   -6.53
2.952   -5.789
3.337   -5.088
3.806   -4.452
4.35   -3.879
4.962   -3.371
5.632   -2.937
6.347   -2.586
7.096   -2.334
7.874   -2.159
8.676   -2.038
9.487   -1.96
10.296   -1.912
11.1   -1.886
11.901   -1.874
12.703   -1.871
13.509   -1.875
14.318   -1.883
15.127   -1.893
15.934   -1.901
16.74   -1.909
17.545   -1.916
18.35   -1.924
19.157   -1.931
19.964   -1.938
20.771   -1.943
21.578   -1.947
22.384   -1.95
23.19   -1.954
23.996   -1.957
24.803   -1.959
25.61   -1.961
26.416   -1.963
27.223   -1.964
28.029   -1.965
28.836   -1.967
29.642   -1.968
30.448   -1.968
31.255   -1.969
32.062   -1.969
32.868   -1.969
33.674   -1.97
34.481   -1.97
35.287   -1.97
36.094   -1.97
36.9   -1.97
37.707   -1.97
38.513   -1.97
39.32   -1.97
40.126   -1.97
40.933   -1.97
41.739   -1.969
42.546   -1.969
43.352   -1.969
44.159   -1.969
44.965   -1.969
45.772   -1.968
46.578   -1.968
47.385   -1.968
48.191   -1.968
48.998   -1.967
49.804   -1.967
50.611   -1.967
51.417   -1.967
52.224   -1.967
53.03   -1.967
53.837   -1.966
54.643   -1.966
55.45   -1.966
56.256   -1.965
57.063   -1.965
57.869   -1.965
58.676   -1.964
59.482   -1.964
60.282   -1.964
61.068   -1.964
61.833   -1.963
62.576   -1.963
63.302   -1.963
64.014   -1.963
64.717   -1.962
65.409   -1.962
66.088   -1.962
66.753   -1.961
67.402   -1.961
68.034   -1.961
68.858   -1.959
69.458   -1.958
70.104   -1.959
70.892   -1.96
71.629   -1.96
72.444   -1.96
73.329   -1.96
73.973   -1.96
74.625   -1.96
75.256   -1.961
75.862   -1.963
76.727   -1.966
77.565   -1.969
78.41   -1.972
79.251   -1.976
80.059   -1.995
80.851   -2.081
81.707   -2.208
82.334   -2.315
83.014   -2.439
83.736   -2.584
84.469   -2.776
85.208   -3.031
85.932   -3.38
86.612   -3.815
87.195   -4.336
87.654   -4.934
88.007   -5.609
88.274   -6.358
88.456   -7.158
88.571   -7.975
88.636   -8.787
88.663   -9.587
88.666   -10.379
88.652   -11.176
88.628   -11.982
88.607   -12.795
88.585   -13.607
88.562   -14.415
88.54   -15.219
88.518   -16.021
88.497   -16.826
88.481   -17.633
88.468   -18.441
88.456   -19.249
88.445   -20.055
88.434   -20.861
88.425   -21.666
88.418   -22.473
88.413   -23.279
88.408   -24.086
88.403   -24.893
88.399   -25.7
88.395   -26.506
88.392   -27.311
88.39   -28.109
88.388   -28.889
88.386   -29.648
88.385   -30.385
88.383   -31.107
88.382   -31.817
88.381   -32.517
88.381   -33.206
88.38   -33.881
88.379   -34.541
88.379   -35.186
88.378   -35.818
88.378   -36.428
88.378   -37.093
